0.61
-0.44
0.28
-0.04
-0.16
0.08
0.10
-0.23
-0.82
0.01
0.32
0.66
-0.28
-0.29
-0.12
-0.73
0.21
-0.06
-0.68
0.68
0.67
-0.29
-0.12
-0.73
0.21
-0.06
-0.15
0.21
0.39
0.18
-0.13
-0.41
0.10
-0.87
0.45
-0.28
0.14
-0.30
0.30
-0.15
-0.87
0.45
-0.28
0.14
-0.30
-0.74
-0.16
-0.33
0.17
-0.42
0.17
-0.82
-0.03
-0.07
0.18
-0.05
-0.63
0.66
0.55
-0.07
0.18
-0.05
0.64
0.89
0.45
-0.66
0.14
0.09
0.32
-0.15
32432.77
0.37
-0.41
-0.36
-0.18
0.51
0.37
-0.41
0.37
0.18
-0.13
-0.50
0.50
-0.62
-0.46
0.73
0.34
0.34
-0.87
0.94
0.09
-0.34
0.08
0.15
-0.10
-0.21
0.06
-0.21
-0.45
-0.15
-0.42
-0.13
0.18
-0.68
0.68
0.67
-0.02
-0.03
0.12
0.48
0.37
0.55
-0.57
0.78
0.60
0.36
0.64
-0.65
0.39
0.43
0.57
-0.49
0.03
0.59
-0.76
0.48
0.32
-0.53
0.28
-0.83
