-0.55
-0.23
-0.18
-0.06
-0.10
-0.14
0.02
0.15
0.01
0.42
0.31
-0.45
0.23
0.35
-0.41
0.48
-0.32
-0.14
-0.43
0.80
0.04
0.19
0.18
0.20
-0.62
-0.59
-0.02
-0.34
0.42
0.30
-0.78
0.42
0.09
-0.39
-0.63
0.32
-0.02
0.14
0.37
0.17
0.91
-0.37
0.80
-0.19
-0.16
0.00
-0.01
0.80
-0.42
-0.80
0.01
-0.17
0.92
-0.66
0.45
-0.04
-0.84
-0.56
0.23
0.25
0.27
0.52
0.18
-0.27
-0.80
0.07
-0.04
0.42
-0.42
-0.62
0.20
-0.14
-0.65
0.59
-0.47
-0.27
0.10
-0.52
-0.82
-0.92
-0.27
0.18
0.34
-0.56
-0.34
0.03
0.03
-0.15
0.17
-0.56
-0.69
-0.15
-0.10
-0.14
0.23
0.19
0.56
-0.29
-0.06
-0.73
0.45
0.26
0.30
-0.17
-0.35
0.45
0.73
-0.54
0.45
0.73
0.52
-0.29
0.39
-0.13
0.42
-0.13
-0.28
-0.10
0.18
0.34
0.74
-0.82
0.25
-0.03
-0.18
-0.12
0.87
0.04
0.47
0.39
0.15
-0.12
-0.33
-0.14
0.45
-0.74
-0.27
-0.21
0.02
-0.75
0.77
0.68
-0.13
0.47
0.14
0.69
-0.26
-0.45
0.19
-0.10
-0.21
0.13
0.12
0.12
-0.08
-0.20
0.02
-0.74
0.55
0.18
0.18
-0.41
0.53
-0.13
-0.33
0.97
-0.11
0.08
-0.26
-0.23
0.30
0.42
-0.65
-0.03
-0.43
-0.64
0.53
0.12
0.14
0.38
0.32
-0.07
0.39
0.07
0.40
0.99
0.24
0.46
0.61
0.64
-0.10
0.69
-0.47
-0.07
-0.47
-0.61
0.16
0.21
-0.32
0.07
-0.77
-0.56
0.18
0.39
0.08
-0.10
-0.37
0.04
0.15
-0.31
0.37
-0.34
0.68
-0.46
-0.39
0.35
-0.47
0.27
0.03
0.04
-0.11
-0.13
-0.81
-0.63
-0.32
0.03
0.23
-0.13
-0.82
0.33
-0.54
0.53
-0.25
0.03
0.17
0.56
-0.29
0.02
-0.49
-0.21
0.02
-0.07
-0.25
-0.20
0.73
-0.13
0.17
0.43
0.33
0.13
-0.12
-0.26
0.09
-0.35
-0.17
0.36
0.19
-0.30
-0.35
-0.39
0.17
0.42
0.22
0.18
0.02
0.02
0.30
0.53
0.12
-0.19
0.01
0.08
0.67
-0.12
0.30
0.04
-0.92
0.01
0.67
-0.61
0.27
-0.27
0.26
-0.14
0.09
-0.00
0.71
-0.22
-0.45
0.18
-0.54
-0.06
0.21
0.07
0.73
-0.58
-0.39
0.05
-0.21
-0.21
0.53
0.17
0.05
-0.11
-0.70
-0.23
-0.45
-0.10
0.48
0.19
0.38
0.74
-0.37
-0.05
0.13
-0.10
-0.38
-0.13
0.38
-0.50
-0.10
0.17
0.23
-0.45
-0.27
0.18
-0.36
0.52
0.51
-0.09
0.38
0.23
0.13
-0.06
0.50
-0.39
0.26
-0.10
-0.08
-0.01
-0.23
-0.74
-0.65
0.09
-0.05
0.12
-0.02
0.56
0.36
-0.41
-0.10
0.08
0.18
0.29
0.94
0.03
-0.05
0.18
0.19
0.18
-0.45
-0.12
0.11
0.08
0.08
0.32
0.23
-0.30
-0.28
0.14
-0.17
-0.00
-0.55
-0.21
-0.65
0.50
0.05
-0.77
0.27
0.05
0.58
-0.19
0.40
0.37
-0.11
0.10
-0.59
-0.84
0.52
0.00
-0.16
-0.84
-0.30
-0.26
-0.34
-0.00
-0.76
-0.21
0.24
0.74
0.14
0.73
0.35
0.35
-0.23
0.22
0.67
-0.01
0.12
-0.07
-0.58
0.26
0.38
-0.65
-0.13
0.26
0.40
0.86
0.10
0.67
0.70
0.10
0.69
0.53
-0.08
-0.27
0.03
0.69
0.07
0.27
0.17
0.01
0.30
-0.48
0.03
0.39
0.00
-0.80
-0.01
0.22
-0.78
-0.13
-0.35
0.05
0.14
-0.10
-0.35
0.36
0.19
0.42
-0.19
0.53
-0.61
-0.43
0.32
0.27
-0.66
-0.32
-0.32
-0.01
0.37
0.23
0.09
-0.13
0.53
-0.31
-0.27
-0.18
-0.77
0.47
-0.46
0.33
-0.16
-0.11
-0.19
-0.81
-0.27
-0.28
0.06
-0.51
-0.65
-0.58
-0.25
0.51
-0.61
-0.03
0.36
-0.57
0.17
-0.23
0.18
0.10
-0.41
0.60
0.42
-0.31
0.70
0.33
-0.10
0.52
0.19
0.59
0.01
0.67
-0.55
0.22
0.54
0.26
-0.16
0.33
0.07
-0.79
0.64
-0.04
0.23
-0.59
-0.40
-0.43
0.02
-0.12
-0.09
-0.29
0.16
0.31
-0.23
0.24
0.01
-0.81
0.06
0.01
0.05
0.23
-0.83
-0.25
-0.17
0.72
-0.19
-0.68
0.70
-0.01
-0.10
-0.53
0.91
-0.49
0.54
0.23
0.01
-0.14
0.13
0.38
-0.65
-0.58
-0.57
-0.06
-0.22
0.10
-0.01
0.06
-0.04
0.43
0.59
0.03
-0.34
0.50
-0.10
-0.26
0.06
-0.43
0.37
-0.24
0.39
0.00
-0.55
0.18
-0.82
0.12
-0.32
-0.17
-0.33
-0.07
0.22
-0.28
-0.06
0.17
0.19
-0.16
-0.47
-0.23
-0.57
0.17
-0.13
-0.44
-0.64
0.53
-0.07
-0.49
0.12
-0.28
0.44
-0.38
0.84
-0.55
0.20
-0.00
-0.25
0.17
0.76
-0.30
0.27
-0.29
0.18
-0.12
-0.15
-0.47
-0.28
-0.45
0.20
0.28
-0.63
-0.30
-0.03
-0.62
0.07
-0.85
0.36
0.84
0.75
-0.41
0.60
0.97
0.30
-0.05
-0.26
0.27
0.52
0.23
0.52
0.54
-0.03
-0.12
-0.07
0.52
0.10
0.05
-0.06
0.26
0.51
0.20
-0.72
-0.85
-0.10
0.65
0.03
-0.58
-0.12
-0.38
0.32
0.48
-0.46
-0.30
0.01
0.33
-0.16
-0.19
0.08
-0.22
0.25
0.18
0.39
0.14
0.20
0.17
-0.10
-0.65
0.09
-0.17
-0.44
-0.48
-0.10
0.05
0.07
0.15
0.30
0.70
0.80
-0.27
0.25
0.05
0.78
0.68
-0.09
-0.65
0.12
-0.57
0.59
-0.80
0.50
0.01
0.02
-0.35
0.27
0.03
-0.48
-0.82
-0.81
-0.64
-0.17
-0.65
0.02
-0.33
0.12
-0.59
-0.38
0.30
-0.61
0.54
-0.62
-0.19
0.03
0.17
0.10
-0.59
-0.43
0.16
-0.24
0.03
0.61
-0.49
-0.14
0.37
-0.56
-0.24
-0.04
-0.49
-0.05
-0.23
-0.14
0.14
0.03
-0.14
-0.58
-0.29
0.70
-0.35
-0.47
0.45
-0.28
-0.13
0.32
-0.47
0.43
0.74
0.73
-0.55
-0.82
-0.75
0.03
-0.24
-0.73
0.05
-0.19
0.00
0.12
-0.73
-0.79
-0.12
0.03
-0.28
-0.21
-0.64
0.02
0.02
-0.11
0.23
0.31
-0.54
0.45
0.42
-0.07
-0.24
-0.01
-0.47
-0.42
0.53
-0.08
-0.36
0.31
-0.65
0.70
-0.44
0.32
-0.42
-0.29
0.18
-0.55
0.24
-0.61
0.07
-0.15
-0.74
0.73
-0.65
-0.58
-0.05
0.32
0.22
0.31
-0.47
-0.19
0.24
-0.01
0.52
0.45
0.10
0.33
-0.21
-0.37
-0.13
-0.75
-0.59
0.23
-0.14
0.24
-0.11
-0.42
0.57
-0.75
-0.71
0.03
-0.44
-0.49
0.32
0.74
-0.17
-0.10
0.38
0.18
-0.39
0.30
0.73
-0.02
0.47
0.73
-0.62
0.04
-0.72
0.23
-0.13
0.04
0.52
0.22
0.39
-0.55
0.16
0.40
-0.12
-0.13
0.31
0.80
-0.43
0.27
0.23
-0.16
-0.70
-0.41
-0.28
0.14
-0.05
-0.24
-0.32
0.08
-0.01
0.43
-0.62
-0.67
0.47
0.03
0.53
0.01
0.17
-0.12
0.56
-0.58
0.37
0.28
0.18
-0.55
-0.25
0.13
0.37
-0.49
-0.52
0.43
-0.62
-0.11
0.16
-0.47
-0.28
0.03
0.03
-0.05
-0.35
-0.73
0.14
-0.10
-0.26
0.44
0.32
0.13
0.48
0.36
0.63
-0.73
0.91
0.43
0.54
0.73
-0.80
-0.46
0.12
0.16
0.12
-0.13
0.18
-0.54
-0.28
0.03
0.02
-0.06
-0.16
0.63
0.50
0.26
-0.11
-0.27
0.53
0.45
0.30
0.53
0.67
-0.11
-0.03
-0.23
0.50
0.12
-0.66
0.14
-0.72
0.03
-0.64
0.03
0.30
-0.62
0.23
-0.54
0.35
0.09
-0.06
0.51
0.42
0.32
-0.40
-0.40
-0.24
0.28
0.23
-0.15
0.73
-0.44
-0.10
-0.10
0.37
-0.14
-0.25
0.49
0.12
-0.58
-0.05
-0.01
0.84
-0.48
-0.67
-0.27
-0.06
-0.16
0.40
-0.19
-0.16
-0.16
0.05
0.45
0.44
0.43
-0.48
0.23
-0.14
0.17
